# time(s)	x(m)	y(m)	z(m)	roll(deg)	pitch(deg)	yaw(deg)
0.130	0.269	0.166	0.000	-0.23	-3.63	-0.37
0.236	0.270	0.164	0.000	-0.18	-3.71	-0.39
0.331	0.271	0.164	0.000	-0.21	-3.69	-0.39
0.430	0.271	0.163	0.000	-0.21	-3.63	-0.39
0.535	0.272	0.165	0.000	-0.27	-3.66	-0.38
0.633	0.273	0.166	0.000	-0.32	-3.63	-0.37
0.732	0.274	0.162	0.000	-0.11	-3.65	-0.40
0.833	0.273	0.163	0.000	-0.21	-3.61	-0.39
0.936	0.275	0.162	0.000	-0.21	-3.58	-0.39
1.035	0.284	0.159	0.000	-0.19	-3.82	-0.41
1.133	0.284	0.159	0.000	-0.26	-3.68	-0.39
1.232	0.286	0.164	0.000	-0.47	-3.69	-0.37
1.330	0.287	0.170	0.000	-0.54	-3.62	-0.36
1.433	0.283	0.169	0.000	-0.31	-3.39	-0.44
1.531	0.285	0.160	0.000	0.02	-3.54	-0.52
1.637	-0.000	-0.000	-0.000	0.00	0.00	-0.00
1.734	-0.002	-0.000	0.000	0.03	-0.59	-0.00
1.838	-0.000	-0.004	0.001	0.68	-2.38	0.01
1.937	-0.005	-0.005	0.001	0.25	-2.34	-0.01
2.036	-0.001	-0.007	0.000	0.15	-3.26	-0.02
2.130	-0.004	-0.008	0.000	0.01	-3.18	-0.03
2.228	-0.003	-0.009	0.000	-0.11	-3.43	-0.05
2.332	-0.004	-0.008	0.000	-0.25	-3.46	-0.06
2.431	-0.004	-0.007	0.000	-0.34	-3.51	-0.08
2.530	-0.003	-0.007	0.000	-0.33	-3.57	-0.08
2.629	-0.004	-0.006	0.000	-0.37	-3.55	-0.09
2.733	-0.004	-0.007	0.000	-0.30	-3.61	-0.08
2.831	0.001	-0.010	0.000	-0.22	-3.77	-0.07
2.930	0.002	-0.011	0.000	-0.23	-3.76	-0.07
3.034	0.003	-0.012	0.000	-0.24	-3.71	-0.07
3.133	0.003	-0.010	0.000	-0.32	-3.65	-0.09
3.231	0.002	-0.008	0.000	-0.36	-3.58	-0.10
3.330	-0.009	-0.016	0.000	-0.02	-3.21	-0.08
3.429	-0.002	-0.010	0.000	-0.35	-3.67	-0.10
3.532	-0.003	-0.011	0.000	-0.31	-3.60	-0.10
3.630	-0.007	-0.012	0.000	-0.29	-3.42	-0.10
3.731	-0.006	-0.015	0.000	-0.14	-3.55	-0.10
3.833	-0.007	-0.016	0.000	-0.17	-3.52	-0.11
3.932	-0.003	-0.016	-0.000	-0.20	-3.44	-0.45
4.037	0.004	-0.006	0.000	-0.60	-2.99	-0.60
4.134	0.008	-0.000	0.002	-0.56	-0.59	-0.63
4.232	0.056	-0.007	-0.001	-0.13	3.91	-1.35
4.330	0.077	-0.016	-0.000	-0.03	9.73	-1.77
4.429	0.070	-0.020	-0.001	-0.68	8.00	-1.81
4.531	0.090	-0.020	0.002	-0.93	3.52	-1.69
4.631	0.089	-0.019	0.004	-0.86	3.02	-1.78
4.732	0.088	-0.015	0.013	-0.25	0.25	-2.08
4.827	0.049	-0.017	0.027	1.02	-0.96	-2.58
4.980	0.005	-0.021	0.083	-0.84	-3.39	-2.45
5.030	-0.017	-0.021	0.110	0.58	-5.84	-3.14
5.127	-0.030	-0.022	0.118	-0.92	-4.44	-4.13
5.231	-0.036	-0.021	0.108	-0.33	-3.31	-4.39
5.331	-0.036	-0.021	0.109	-0.79	-0.98	-4.26
5.430	-0.035	-0.020	0.117	0.22	0.69	-4.55
5.526	-0.036	-0.016	0.129	0.10	0.68	-4.62
5.632	-0.038	-0.022	0.145	0.92	0.50	-4.32
5.730	-0.035	-0.022	0.177	0.18	0.04	-3.86
5.830	-0.044	-0.015	0.213	-0.31	0.23	-3.33
5.929	-0.039	-0.018	0.253	0.21	-0.82	-2.74
6.049	-0.038	-0.024	0.292	0.15	-0.45	-2.39
6.128	-0.032	-0.033	0.326	0.06	-0.37	-2.31
6.226	-0.026	-0.035	0.356	-0.39	0.20	-2.23
6.331	-0.022	-0.038	0.387	-0.20	0.41	-2.26
6.431	-0.010	-0.049	0.416	-0.25	0.56	-2.31
6.528	-0.008	-0.057	0.443	-0.51	0.68	-2.22
6.630	0.002	-0.056	0.466	-0.66	0.64	-2.07
6.729	0.000	-0.052	0.487	-0.52	0.63	-1.71
6.828	-0.009	-0.051	0.503	-0.22	0.44	-1.23
6.931	-0.013	-0.049	0.519	0.10	-0.04	-0.66
7.030	-0.023	-0.048	0.528	0.18	-0.54	-0.18
7.128	-0.030	-0.048	0.530	0.20	-0.73	0.14
7.230	-0.032	-0.054	0.537	0.11	-0.91	0.32
7.331	-0.029	-0.054	0.543	-0.07	-0.54	0.34
7.429	-0.027	-0.067	0.547	-0.15	-0.37	0.25
7.529	-0.019	-0.071	0.549	-0.36	0.09	0.01
7.628	-0.013	-0.077	0.548	-0.44	0.38	-0.30
7.730	-0.009	-0.086	0.547	-0.46	0.45	-0.62
7.829	-0.005	-0.084	0.549	-0.47	0.53	-0.86
7.931	-0.002	-0.085	0.550	-0.28	0.31	-0.99
8.027	-0.003	-0.085	0.552	-0.09	0.21	-1.04
8.127	-0.007	-0.079	0.551	0.11	-0.04	-0.99
8.229	-0.006	-0.072	0.551	0.20	-0.16	-0.88
8.327	-0.012	-0.061	0.553	-7.22	-0.24	-0.87
8.426	-0.018	-0.068	0.561	-10.60	0.80	-0.65
8.530	-0.012	-0.031	0.563	-10.39	2.07	-0.46
8.628	-0.025	0.009	0.556	-6.75	3.46	-0.38
8.731	-0.031	0.063	0.548	-3.12	4.31	-0.46
8.829	-0.032	0.106	0.542	0.15	4.60	-0.61
8.928	-0.040	0.170	0.542	2.19	4.86	-0.70
9.029	-0.062	0.206	0.547	3.51	4.63	-0.71
9.127	-0.086	0.248	0.552	3.87	4.24	-0.58
9.227	-0.130	0.283	0.554	3.89	3.82	-0.35
9.329	-0.170	0.312	0.555	3.74	3.07	-0.15
9.429	-0.214	0.330	0.555	3.61	2.48	0.04
9.527	-0.273	0.347	0.556	3.70	1.91	0.17
9.626	-0.322	0.349	0.554	3.70	1.21	0.19
9.728	-0.370	0.351	0.554	3.81	0.82	0.24
9.828	-0.420	0.350	0.555	3.84	0.45	0.35
9.929	-0.469	0.343	0.555	4.19	-0.03	0.46
10.030	-0.524	0.336	0.557	4.35	-0.47	0.63
10.129	-0.562	0.323	0.556	4.57	-1.32	0.79
10.226	-0.609	0.297	0.555	4.68	-1.63	1.05
10.325	-0.646	0.269	0.555	4.57	-2.28	1.28
10.429	-0.683	0.241	0.551	4.23	-2.64	1.53
10.528	-0.717	0.199	0.543	3.37	-2.45	1.57
10.628	-0.742	0.158	0.542	2.53	-2.97	1.85
10.725	-0.766	0.104	0.544	2.51	-4.01	2.22
10.829	-0.781	0.061	0.550	2.23	-4.87	2.17
10.927	-0.789	0.008	0.554	2.09	-4.45	1.96
11.026	-0.790	-0.038	0.554	1.20	-4.20	1.80
11.129	-0.796	-0.091	0.547	1.10	-3.38	0.71
11.225	-0.790	-0.143	0.541	0.30	-3.93	-0.41
11.329	-0.783	-0.190	0.535	-1.53	-3.62	-2.02
11.428	-0.774	-0.242	0.530	-1.96	-4.15	-3.80
11.528	-0.766	-0.277	0.530	-2.10	-2.50	-4.54
11.628	-0.750	-0.320	0.534	-1.58	-2.91	-5.33
11.728	-0.733	-0.358	0.540	-1.67	-4.27	-5.97
11.826	-0.724	-0.392	0.545	-1.80	-5.23	-5.22
11.928	-0.721	-0.425	0.546	-3.01	-2.98	-3.31
12.029	-0.689	-0.452	0.547	-5.13	-5.00	-1.96
12.127	-0.664	-0.472	0.547	-5.34	-4.21	-0.60
12.227	-0.643	-0.485	0.544	-5.95	-5.40	1.40
12.328	-0.610	-0.485	0.544	-6.15	-5.70	2.72
12.428	-0.585	-0.478	0.544	-6.18	-0.33	4.00
12.525	-0.562	-0.463	0.542	-4.87	-1.11	3.97
12.630	-0.549	-0.435	0.541	-5.26	0.61	3.44
12.726	-0.524	-0.402	0.546	-2.69	-1.93	2.13
12.823	-0.514	-0.370	0.550	-2.82	0.49	-0.28
12.928	-0.490	-0.336	0.554	-0.33	-2.60	-4.51
13.027	-0.476	-0.308	0.556	-2.66	1.13	-6.57
13.126	-0.464	-0.270	0.550	-1.76	0.07	-7.97
13.225	-0.443	-0.241	0.539	-3.26	0.64	-7.77
13.326	-0.431	-0.210	0.527	0.24	0.93	-6.68
13.426	-0.417	-0.168	0.520	7.90	2.39	-4.74
13.525	-0.397	-0.150	0.516	8.07	2.90	-2.56
13.625	-0.376	-0.144	0.512	6.02	2.79	-0.66
13.727	-0.360	-0.147	0.508	3.25	2.42	0.80
13.827	-0.342	-0.169	0.506	0.49	1.86	1.71
13.924	-0.323	-0.185	0.508	-1.23	1.61	2.39
14.024	-0.306	-0.204	0.510	-2.31	1.37	2.83
14.126	-0.288	-0.212	0.511	-2.46	1.00	3.23
14.226	-0.263	-0.214	0.512	-1.69	1.22	3.66
14.330	-0.241	-0.219	0.512	-1.31	1.39	4.02
14.422	-0.218	-0.225	0.511	-0.55	1.56	4.14
14.522	-0.197	-0.222	0.510	-0.54	1.68	4.24
14.625	-0.177	-0.225	0.512	-0.34	1.58	4.08
14.723	-0.156	-0.224	0.514	-0.08	1.63	3.58
14.824	-0.138	-0.218	0.514	0.47	2.20	3.18
14.925	-0.125	-0.216	0.512	0.29	1.39	2.76
15.025	-0.110	-0.213	0.509	0.14	1.14	2.26
15.126	-0.090	-0.214	0.507	0.36	1.03	1.75
15.229	-0.076	-0.211	0.503	0.04	0.99	1.41
15.326	-0.060	-0.207	0.497	0.00	0.74	1.23
15.426	-0.044	-0.209	0.485	-0.00	1.01	1.14
15.526	-0.029	-0.206	0.470	-0.01	1.15	1.08
15.627	-0.016	-0.200	0.453	-0.03	1.36	1.00
15.723	-0.003	-0.196	0.432	0.15	1.21	1.06
15.826	0.008	-0.189	0.411	0.32	1.13	1.07
15.926	0.011	-0.187	0.390	0.30	1.03	1.05
16.025	0.019	-0.171	0.364	0.66	0.79	1.02
16.126	0.022	-0.185	0.341	0.76	0.64	1.18
16.226	0.019	-0.181	0.316	0.05	0.62	1.58
16.325	0.017	-0.144	0.293	0.37	0.05	1.95
16.425	0.025	-0.136	0.269	0.73	-0.20	2.22
16.521	0.034	-0.137	0.247	0.93	-0.19	2.32
16.625	0.043	-0.142	0.225	0.67	0.39	2.36
16.724	0.050	-0.142	0.204	0.09	0.50	2.34
16.822	0.059	-0.140	0.181	-0.20	0.96	2.24
16.926	0.067	-0.137	0.158	-0.16	0.85	2.18
17.026	0.071	-0.134	0.134	0.22	0.93	2.05
17.123	0.066	-0.137	0.119	0.23	0.44	1.88
17.226	0.066	-0.137	0.102	-0.46	0.24	1.71
