# time(s)	x(m)	y(m)	z(m)	roll(deg)	pitch(deg)	yaw(deg)
0.141	0.102	-0.006	0.000	0.45	5.09	0.06
0.230	0.100	-0.005	0.000	0.47	5.22	0.06
0.330	0.093	-0.012	0.000	0.70	5.58	0.06
0.430	0.087	-0.007	-0.000	0.45	5.63	0.06
0.530	0.076	-0.001	0.000	0.28	5.76	0.08
0.630	0.066	-0.001	0.000	0.42	5.82	0.06
0.732	0.069	-0.000	0.000	0.43	5.40	0.07
0.831	0.067	0.000	0.000	0.47	5.31	0.07
0.933	0.061	0.007	0.000	0.30	5.36	0.07
1.032	0.049	-0.002	-0.000	0.69	5.62	0.06
1.132	0.056	-0.000	0.000	0.56	5.14	0.06
1.233	0.048	-0.007	-0.000	0.77	5.35	0.07
1.332	0.039	-0.003	-0.000	0.49	5.43	0.07
1.429	0.000	0.000	-0.000	0.02	-0.02	0.00
1.528	0.006	0.003	0.000	-0.71	0.53	0.01
1.627	0.007	0.005	0.001	0.04	2.83	-0.01
1.731	0.005	0.006	0.000	0.17	4.21	-0.02
1.829	-0.025	-0.007	-0.001	1.45	7.27	-0.13
1.930	-0.025	-0.004	0.000	0.86	6.18	-0.05
2.031	-0.017	-0.006	0.000	0.77	5.27	-0.05
2.133	-0.021	-0.002	0.000	0.53	5.31	0.00
2.230	-0.022	-0.003	0.000	0.50	5.25	0.01
2.328	-0.015	-0.004	0.000	0.53	4.96	0.00
2.431	-0.001	0.001	-0.000	0.34	4.54	0.03
2.532	0.002	0.005	0.000	0.22	4.65	0.04
2.631	0.002	0.004	0.000	0.35	4.89	0.02
2.728	0.008	0.017	0.000	0.04	4.88	0.05
2.831	0.005	0.019	0.000	0.11	5.15	0.04
2.928	-0.009	0.019	0.000	0.33	5.75	-0.01
3.027	0.000	0.018	0.001	0.45	5.27	-0.00
3.129	-0.005	0.022	0.000	0.43	5.42	-0.01
3.231	-0.006	0.023	0.000	0.42	5.34	-0.01
3.328	-0.002	0.019	0.000	0.66	5.22	-0.03
3.426	0.007	0.012	0.000	0.83	4.87	-0.05
3.527	0.009	0.010	0.000	0.79	4.97	-0.04
3.627	0.007	0.015	0.000	0.49	5.06	-0.03
3.730	0.006	0.015	0.001	0.40	4.76	-0.19
3.829	0.007	0.014	0.001	0.35	4.01	-0.64
3.931	0.015	0.009	0.002	0.55	0.19	-1.29
4.031	0.022	0.003	0.002	-1.05	-2.79	-2.85
4.128	0.024	0.005	0.001	-3.19	-3.17	-3.11
4.231	0.007	0.016	0.002	-0.56	-1.03	-2.65
4.330	-0.006	0.010	0.002	-0.44	-1.73	-2.09
4.430	-0.034	0.005	0.003	-0.72	-1.65	-1.77
4.528	-0.047	0.002	0.033	-0.43	-2.97	-1.19
4.630	-0.048	0.001	0.069	-0.77	-3.57	-0.88
4.726	-0.041	0.001	0.078	-0.42	-1.95	-0.63
4.830	-0.031	0.002	0.064	-0.36	0.02	-0.39
4.928	-0.024	0.003	0.052	-0.10	1.46	-0.43
5.029	-0.015	0.004	0.057	-0.17	1.81	-0.58
5.128	-0.015	0.006	0.079	-0.05	1.93	-0.56
5.226	-0.014	0.009	0.118	0.31	0.70	-0.42
5.329	-0.018	0.005	0.160	0.59	0.51	-0.20
5.430	-0.024	0.007	0.194	-0.14	-0.25	0.06
5.527	-0.026	0.008	0.226	0.10	-0.62	0.17
5.626	-0.029	0.010	0.251	-0.01	-1.06	0.18
5.729	-0.028	0.013	0.285	0.29	-0.88	0.09
5.825	-0.029	0.016	0.311	0.21	-0.43	-0.19
5.929	-0.027	0.019	0.341	0.43	-0.26	-0.48
6.027	-0.021	0.014	0.367	0.65	0.06	-0.74
6.126	-0.017	0.011	0.394	0.45	0.31	-0.96
6.233	-0.006	0.011	0.424	0.22	0.22	-1.19
6.329	-0.004	0.006	0.452	0.05	0.49	-1.29
6.426	-0.001	-0.003	0.488	-0.15	0.38	-1.27
6.526	-0.003	-0.010	0.515	-0.45	0.41	-1.25
6.629	-0.004	-0.014	0.534	-0.46	0.13	-1.28
6.727	-0.012	-0.026	0.545	-0.61	-0.11	-1.36
6.827	-0.019	-0.030	0.547	-0.54	-0.36	-1.45
6.927	-0.029	-0.031	0.546	-0.57	-0.50	-1.57
7.026	-0.039	-0.033	0.541	-0.47	-0.75	-1.56
7.128	-0.040	-0.032	0.538	-0.36	-0.69	-1.39
7.228	-0.045	-0.033	0.534	-0.19	-0.59	-1.14
7.327	-0.054	-0.030	0.534	-0.05	-0.50	-0.86
7.426	-0.054	-0.030	0.537	-0.02	-0.49	-0.53
7.526	-0.050	-0.027	0.543	0.13	-0.29	-0.27
7.626	-0.045	-0.024	0.547	0.33	-0.02	-0.14
7.723	-0.033	-0.024	0.550	0.35	0.10	-0.24
7.828	-0.030	-0.026	0.554	0.35	0.40	-0.35
7.928	-0.026	-0.028	0.559	0.23	0.45	-0.53
8.028	-0.027	-0.040	0.559	-0.06	0.42	-0.74
8.127	-0.028	-0.037	0.560	-4.59	0.30	-1.08
8.226	-0.030	-0.042	0.566	-5.58	0.44	-1.36
8.330	-0.041	-0.020	0.567	-5.66	0.67	-1.51
8.427	-0.043	0.002	0.562	-3.56	0.52	-1.48
8.525	-0.044	0.027	0.554	-1.96	0.70	-1.35
8.627	-0.047	0.053	0.550	-0.43	0.96	-1.22
8.725	-0.054	0.077	0.545	0.28	0.79	-1.12
8.829	-0.057	0.106	0.544	0.44	1.08	-1.15
8.928	-0.072	0.132	0.549	0.43	0.88	-1.09
9.026	-0.081	0.155	0.553	0.33	0.88	-1.00
9.129	-0.091	0.181	0.556	0.16	0.91	-0.87
9.224	-0.100	0.196	0.555	0.13	1.00	-0.82
9.324	-0.115	0.220	0.553	0.20	1.23	-0.84
9.428	-0.129	0.244	0.550	0.33	1.31	-0.84
9.525	-0.150	0.267	0.549	0.37	1.34	-0.76
9.625	-0.171	0.292	0.546	0.53	1.01	-0.62
9.725	-0.186	0.312	0.546	0.64	0.71	-0.52
9.826	-0.207	0.328	0.546	1.01	0.95	-0.46
9.927	-0.235	0.349	0.547	0.91	0.98	-0.52
10.026	-0.258	0.359	0.549	1.03	0.87	-0.67
10.126	-0.284	0.374	0.547	0.97	0.87	-0.77
10.225	-0.311	0.383	0.548	0.79	0.51	-0.76
10.326	-0.340	0.395	0.546	0.95	0.34	-0.64
10.425	-0.365	0.400	0.546	0.96	0.21	-0.48
10.528	-0.397	0.408	0.545	0.91	0.37	-0.27
10.627	-0.425	0.413	0.545	1.18	0.30	-0.07
10.728	-0.458	0.417	0.544	1.06	0.45	0.01
10.827	-0.485	0.416	0.542	1.31	0.31	0.05
10.925	-0.514	0.419	0.540	0.95	0.30	0.09
11.025	-0.548	0.417	0.539	1.15	-0.02	0.20
11.127	-0.576	0.414	0.540	1.24	-0.13	0.42
11.227	-0.610	0.411	0.539	0.98	-0.21	0.70
11.326	-0.640	0.408	0.535	1.44	-0.43	0.94
11.423	-0.659	0.406	0.535	1.48	-0.32	1.14
11.526	-0.688	0.403	0.534	1.78	-0.11	1.31
11.627	-0.712	0.389	0.533	1.73	-0.24	1.26
11.726	-0.738	0.377	0.533	1.37	-0.17	1.19
11.827	-0.758	0.366	0.528	1.32	-0.36	1.22
11.922	-0.780	0.350	0.525	1.40	-0.58	1.27
12.025	-0.802	0.333	0.526	1.40	-0.75	1.04
12.126	-0.822	0.311	0.526	1.97	-0.92	1.10
12.226	-0.840	0.292	0.523	1.34	-0.16	0.58
12.325	-0.856	0.276	0.519	1.10	-1.30	-0.84
12.424	-0.868	0.255	0.515	0.43	-1.33	-2.63
12.522	-0.881	0.238	0.516	0.59	-1.82	-4.60
12.626	-0.892	0.213	0.518	0.79	-1.45	-6.56
12.726	-0.905	0.198	0.520	-0.97	0.35	-7.82
12.824	-0.914	0.179	0.522	0.85	0.09	-8.18
12.926	-0.924	0.166	0.524	0.12	0.96	-7.78
13.026	-0.935	0.148	0.528	1.93	-0.28	-5.49
13.126	-0.948	0.131	0.531	1.35	-1.22	-1.88
13.225	-0.958	0.106	0.533	1.11	-2.28	1.59
13.324	-0.964	0.077	0.534	0.43	-2.25	4.83
13.424	-0.968	0.050	0.532	0.98	-2.18	8.27
13.523	-0.967	0.031	0.530	1.00	-2.59	10.82
13.625	-0.963	0.002	0.530	0.83	-2.41	11.98
13.726	-0.960	-0.021	0.528	0.00	-2.13	11.73
13.824	-0.951	-0.041	0.528	-0.18	-1.53	11.05
13.925	-0.938	-0.063	0.529	0.02	-1.03	9.80
14.023	-0.928	-0.085	0.528	-0.25	-0.69	8.17
14.125	-0.914	-0.106	0.528	-0.05	-0.65	6.33
14.225	-0.902	-0.129	0.527	0.29	-0.69	4.45
14.324	-0.888	-0.152	0.525	0.22	-1.02	2.86
14.422	-0.869	-0.181	0.523	0.19	-0.93	1.53
14.524	-0.856	-0.205	0.520	-0.21	-0.96	0.34
14.624	-0.843	-0.221	0.519	-0.34	-1.03	-0.56
14.724	-0.827	-0.248	0.519	-0.32	-1.12	-1.04
14.822	-0.811	-0.269	0.519	-0.99	-1.40	-1.10
14.920	-0.796	-0.284	0.519	-0.99	-1.25	-0.97
15.024	-0.777	-0.302	0.518	-1.02	-1.28	-0.84
15.123	-0.761	-0.315	0.516	-1.10	-1.26	-0.68
15.225	-0.743	-0.326	0.517	-0.96	-1.03	-0.62
15.321	-0.721	-0.347	0.516	-1.07	-1.11	-0.59
15.424	-0.695	-0.360	0.515	-0.99	-1.03	-0.59
15.524	-0.675	-0.371	0.513	-1.38	-0.72	-0.61
15.625	-0.644	-0.387	0.512	-1.42	-0.67	-0.58
15.725	-0.622	-0.395	0.512	-1.51	-0.46	-0.53
15.826	-0.594	-0.403	0.507	-1.82	-0.43	-0.43
15.925	-0.567	-0.405	0.507	-1.66	-0.44	-0.34
16.023	-0.542	-0.404	0.510	-1.82	-0.32	-0.26
16.124	-0.520	-0.406	0.510	-1.56	-0.24	-0.21
16.225	-0.497	-0.408	0.512	-1.37	-0.26	-0.15
16.325	-0.471	-0.405	0.513	-1.66	-0.20	-0.09
16.424	-0.448	-0.407	0.510	-1.46	-0.47	-0.07
16.524	-0.419	-0.403	0.509	-1.87	-0.18	-0.04
16.625	-0.394	-0.395	0.509	-1.76	0.08	-0.11
16.726	-0.367	-0.382	0.509	-1.60	0.39	-0.31
16.824	-0.340	-0.364	0.508	-1.61	0.59	-0.63
16.923	-0.324	-0.354	0.508	-0.93	0.54	-1.02
17.023	-0.298	-0.335	0.507	-0.89	0.60	-1.41
17.123	-0.275	-0.322	0.505	-0.63	0.51	-1.59
17.222	-0.249	-0.293	0.506	-0.86	0.60	-1.50
17.319	-0.227	-0.279	0.508	-0.95	0.92	-1.26
17.423	-0.210	-0.268	0.507	-0.97	0.88	-0.98
17.522	-0.187	-0.248	0.507	-1.36	1.06	-0.70
17.619	-0.174	-0.230	0.508	-1.27	1.24	-0.48
17.720	-0.163	-0.207	0.508	-1.37	1.18	-0.35
17.822	-0.150	-0.182	0.508	-1.29	1.24	-0.32
17.922	-0.141	-0.158	0.507	-0.99	1.08	-0.41
18.021	-0.132	-0.134	0.507	-0.77	1.17	-0.59
18.121	-0.127	-0.118	0.507	1.98	1.07	-0.72
18.221	-0.126	-0.102	0.508	4.66	0.98	-0.97
18.322	-0.122	-0.087	0.509	4.62	0.68	-1.20
18.423	-0.121	-0.090	0.508	3.35	0.31	-1.41
18.520	-0.118	-0.099	0.504	1.63	0.02	-1.49
18.620	-0.113	-0.107	0.502	0.18	0.05	-1.56
18.722	-0.107	-0.115	0.500	-0.88	0.09	-1.62
18.822	-0.104	-0.123	0.500	-1.35	0.14	-1.54
18.923	-0.097	-0.123	0.501	-1.18	0.41	-1.50
19.021	-0.092	-0.120	0.503	-0.72	0.50	-1.52
19.119	-0.089	-0.117	0.507	-0.24	0.41	-1.53
19.220	-0.086	-0.114	0.508	0.25	0.50	-1.55
19.321	-0.086	-0.104	0.506	0.32	0.26	-1.47
19.422	-0.084	-0.096	0.506	0.51	0.27	-1.44
19.522	-0.089	-0.094	0.504	0.57	0.01	-1.36
19.622	-0.088	-0.093	0.504	0.50	-0.03	-1.32
19.721	-0.090	-0.091	0.503	0.28	-0.17	-1.28
19.822	-0.088	-0.084	0.502	0.20	-0.08	-1.29
19.922	-0.089	-0.083	0.501	0.15	-0.14	-1.35
20.018	-0.088	-0.075	0.498	0.18	-0.01	-1.45
20.122	-0.085	-0.072	0.488	0.29	-0.17	-1.63
20.221	-0.086	-0.070	0.475	0.38	-0.09	-1.87
20.321	-0.080	-0.074	0.456	0.51	-0.00	-2.29
20.419	-0.088	-0.094	0.438	0.38	0.03	-2.84
20.522	-0.093	-0.107	0.416	-0.39	-0.11	-3.37
20.620	-0.090	-0.103	0.395	-0.62	-0.05	-3.86
20.719	-0.085	-0.105	0.375	-0.50	0.12	-4.24
20.822	-0.082	-0.121	0.354	-0.33	0.05	-4.52
20.922	-0.082	-0.115	0.333	-0.49	0.29	-4.80
21.021	-0.081	-0.090	0.311	-0.40	0.18	-5.02
21.118	-0.081	-0.076	0.286	0.36	0.23	-5.24
21.220	-0.078	-0.065	0.262	0.94	0.10	-5.23
21.322	-0.076	-0.051	0.239	1.19	0.15	-5.13
21.422	-0.103	-0.066	0.217	1.15	-0.01	-4.98
21.521	-0.112	-0.073	0.195	0.31	-0.75	-4.81
21.620	-0.116	-0.081	0.172	-0.24	-0.92	-4.70
21.716	-0.122	-0.091	0.150	-0.71	-0.62	-4.62
21.817	-0.115	-0.090	0.125	-1.17	-0.76	-4.55
21.921	-0.110	-0.089	0.107	-0.59	0.32	-4.36
22.018	-0.105	-0.087	0.092	-0.12	0.99	-3.92
